Start Timestamp;End Timestamp;Transcript
00:00;00:08;"Herzlich willkommen zum zweiten Teil der zehnten Vorlesung im Kurs Analysis 1 und Lineare Algebra für Ingenieurwissenschaften."
00:08;00:14;"Wir hatten uns jetzt im ersten Teil mit Vektorräumen beschäftigt, haben also gesehen, was eine Vektorraumstruktur ist."
00:14;00:20;"Wir haben also eine Addition und eine Skalarmultiplikation und diese Operationen sind abgeschlossen."
00:20;00:27;"Das heißt also, unter diesen Operationen verlassen wir die Menge, wir nennen sie jetzt mal V, verlassen wir also V nicht."
00:29;00:41;"Wir haben jetzt ein paar Beispiele auch gesehen von Vektorräumen und die Frage, die sich jetzt stellt, ist auch, wann sind denn eigentlich Teilmengen von Vektorräumen selbst wieder Vektorräume?"
00:41;00:49;"Das führt uns auf den Begriff des sogenannten Teilraums und das wollen wir uns mal auf der Folie anschauen."
00:49;00:57;"Also die Definition Teilraum, wir haben was gegeben, wir haben erstmal V ist ein K-Vektorraum."
00:58;01:08;"Die Definition haben wir im letzten Video gesehen und dann nennen wir eine Teilmenge, also eine Teilmenge T aus V, nennen wir dann einen Teilraum."
01:08;01:13;"Alternativ gibt es auch die Bezeichnung Unterraum oder auch Untervektorraum."
01:13;01:14;"Das können Sie sich aussuchen."
01:14;01:17;"Die drei Begriffe bezeichnen also das Gleiche."
01:17;01:33;"Also sprich, ich nehme jetzt hier einen Teilraum von V, wenn was gilt, falls die Menge T selbst wieder ein K-Vektorraum ist und zwar mit den gleichen Operationen, Additionen und Skalarmultiplikationen, die auch in V erklärt ist."
01:33;01:43;"Wir wissen ja, V ist ein K-Vektorraum, also haben wir diese Operationen und wenn wir diese Operationen nehmen und auf Elemente aus T anwenden,"
01:43;01:52;"dann bleiben wir dann in dieser Menge T und dann ist also T selbst wieder ein K-Vektorraum mit natürlich den Rechenregeln,"
01:52;01:57;"die wir auch im letzten Video auf der ersten, auf der zweiten Folie kennengelernt haben."
01:58;02:08;"So, und jetzt ist natürlich die Frage, wir haben eigentlich keinen wirklichen Beweis geführt bei den Beispielen im letzten Video, dass das Vektorräume sind."
02:08;02:15;"Ich habe Ihnen die Addition gegeben, die Skalarmultiplikationen, wir haben das aber nicht wirklich verifiziert, was jetzt auch nicht so schlimm ist."
02:15;02:19;"Die Frage ist aber, bei einem Teilraum müsste man ja rein theoretisch auch wieder nachweisen,"
02:19;02:25;"dass alle Eigenschaften erfüllt sind, die für einen K-Vektorraum notwendig sind."
02:25;02:30;"Und das ist aber nicht ganz der Fall, da gibt es nämlich ein schönes Kriterium und das schauen wir uns gleich hier mit an."
02:30;02:33;"Das ist das sogenannte Teilraumkriterium."
02:33;02:39;"Das heißt, das wollen wir anwenden, wenn wir einen Vektorraum V gegeben haben und eine Teilmenge T aus V"
02:39;02:44;"und wir wollen überprüfen, ob T tatsächlich ein Vektorraum ist."
02:44;02:52;"Und dann gibt es drei Kriterien, also wie gesagt, V ist ein K-Vektorraum und T ist eine Teilmenge aus V"
02:52;03:00;"und T ist dann ein Teilraum genau dann, wenn diese drei Bedingungen erfüllt sind."
03:00;03:05;"Die erste Bedingung steht hier, Null muss aus T sein."
03:05;03:07;"Übersetzt ist das eigentlich allgemeiner."
03:07;03:10;"Wir wissen ja, ein Vektorraum darf nicht leer sein."
03:10;03:16;"Das hatten wir ja oben, letztes Video, können Sie nochmal schauen, festgestellt."
03:16;03:21;"Das heißt also, und dafür, dass es nicht leer ist, haben wir dann aber auch gesagt, die Null muss enthalten sein."
03:21;03:22;"Das war ja eine Bedingung."
03:22;03:25;"Deswegen sagen wir hier einfach, Null ist aus T."
03:25;03:26;"Das ist die erste Bedingung."
03:26;03:32;"Und die zweite und die dritte Bedingung besagt im Endeffekt nur das, was ich eben schon in Worten gesagt habe,"
03:32;03:41;"dass die Addition und die Skalarmultiplikation mit Elementen aus T bzw. T und dem Körper K wieder in T liegen."
03:41;03:48;"Das heißt also, wenn wir uns V und W aus T nehmen, dann muss die Addition davon wieder in T liegen."
03:48;03:50;"Sie darf also die Menge nicht verlassen."
03:50;03:58;"Das ist wichtig und völlig analog, wenn wir V aus T und Lambda aus K haben, dann muss eben Lambda V wieder zu T gehören."
03:58;04:05;"Und wenn diese drei Bedingungen erfüllt sind, dann ist T ein Teilraum und demzufolge selbst auch wieder ein Vektorraum."
04:05;04:09;"Aber eben ein Teilraum von dem gegebenen Vektorraum."
04:09;04:14;"So, und das ist ein sehr wichtiges Kriterium, was wir hier in Satz 1 sehen."
04:14;04:17;"Und das wollen wir uns mal an ein paar Beispielen anschauen."
04:17;04:24;"Das muss man wirklich direkt nachprüfen."
04:24;04:30;"Und wir fangen mal mit zwei ganz oder einem ganz leichten Beispiel an."
04:30;04:34;"Und zwar, wenn wir einen Vektorraum gegeben haben, also"
04:34;04:42;"ich schreibe immer das K oftmals noch dazu, irgendwann werde ich es auch weglassen."
04:45;04:54;"Also wenn wir V als Vektorraum, als K-Vektorraum gegeben haben, dann sind automatisch die Mengen, wo nur die Null enthalten ist, das ist ein Teilraum."
04:54;04:56;"Und demzufolge auch wieder ein Vektorraum."
04:56;05:00;"Und V selbst ist natürlich auch ein Teilraum von sich selbst."
05:00;05:09;"Mag jetzt vielleicht etwas absurd klingen, aber das passt natürlich in die Definition hinein."
05:10;05:14;"Das heißt also, die Menge, wo nur die Null enthalten ist, ist ein Teilraum."
05:14;05:16;"Und V selbst."
05:16;05:25;"Sind also Teilräume von V."
05:25;05:27;"Kann man natürlich leicht nachprüfen."
05:28;05:32;"Und auch hier sieht man natürlich, wenn man die Null hat, das ist nur das einzige Element."
05:32;05:36;"Das heißt also, Null plus Null ist wieder Null, ist natürlich wieder ein T enthalten."
05:36;05:40;"Und wenn ich Null multipliziere mit irgendeinem Skalar, kommt wieder Null heraus."
05:40;05:42;"Also bin ich wieder auch in dieser Menge."
05:42;05:44;"Und Null ist sowieso enthalten."
05:44;05:47;"Das heißt also tatsächlich, das ist sehr offensichtlich."
05:47;05:50;"Und V erfüllt natürlich auch all diese Eigenschaften."
05:51;05:53;"V ist eine Teilmenge von V, klar."
05:53;05:58;"Und erfüllt diese Eigenschaften, weil ja V auch sowieso ein Vektorraum ist."
05:58;06:06;"Schauen wir uns aber vielleicht mal eher ein Beispiel an, was ein bisschen abweicht von diesen trivialen Teilräumen."
06:07;06:11;"Dazu nehmen wir mal als Vektorraum den R2."
06:11;06:15;"Und dann behaupte ich,"
06:15;06:19;"dass die Menge,"
06:19;06:22;"ich bezeichne sie auch jetzt hier mit T,"
06:22;06:25;"und zwar sieht sie folgendermaßen aus."
06:25;06:27;"Das ist klein t."
06:27;06:30;"Und dann nehme ich jetzt hier mal den Vektor 2,3."
06:30;06:34;"Und T ist aus R."
06:37;06:39;"Das heißt also, bei dieser Menge sieht man,"
06:39;06:40;"ich habe den Vektor 2,3."
06:40;06:43;"Und hier sind sozusagen alle Elemente drin,"
06:43;06:45;"alle Vielfachen von diesem Vektor."
06:45;06:47;"T ist aus R."
06:47;06:49;"Das heißt also, für T können wir jede,"
06:49;06:50;"setzen wir jede reelle Zahl ein."
06:50;06:52;"All diese Elemente sind hier enthalten."
06:52;06:56;"Das heißt also, hier sind schon mal unendlich viele Elemente enthalten."
06:56;06:58;"Und das ist tatsächlich ein Teilraum."
06:58;07:06;"Ein Teilraum von V."
07:06;07:08;"Und das wollen wir mal kurz nachprüfen,"
07:08;07:09;"warum das so ist."
07:09;07:13;"Ja, also V ist ja jetzt hier der R2."
07:13;07:17;"Das haben wir als Vektorraum schon im letzten Video kennengelernt."
07:17;07:21;"Und jetzt müssen wir im Endeffekt nur diese drei Eigenschaften hier nachprüfen."
07:21;07:23;"Und das machen wir einfach mal."
07:24;07:28;"Also die erste Eigenschaft lautet, dass 0 enthalten sein muss."
07:28;07:33;"Und tatsächlich sehen wir, wenn wir klein t gleich 0 wählen,"
07:33;07:41;"dann ist natürlich klar, ist 0 mal dem Vektor 2,3."
07:42;07:44;"Wir erinnern uns noch an die Skalarmultiplikation."
07:44;07:46;"Die 0 wird mit jeder Komponente multipliziert."
07:46;07:48;"Das ergibt dann also jeweils 0."
07:48;07:51;"Ist also ein Element aus T."
07:51;07:53;"Okay, das war einfach."
07:55;07:58;"Das heißt, die erste Bedingung ist schon mal erfüllt."
07:58;08:01;"Für die zweite Bedingung müssen wir das also allgemein machen."
08:01;08:03;"Hier können wir keine speziellen Vektoren wählen,"
08:03;08:07;"sondern wir sagen, wir nehmen uns zwei beliebige Vektoren."
08:07;08:10;"Ich sage jetzt mal V und W."
08:10;08:13;"Jetzt sind wir hier quasi im R2,"
08:13;08:15;"beziehungsweise Teilmengen vom R2."
08:15;08:17;"Und da hatte ich ja schon gesagt,"
08:17;08:18;"verwende ich dann immer die Pfeile."
08:18;08:21;"So, wenn ich zwei Elemente nehme aus T,"
08:21;08:23;"dann weiß ich also,"
08:23;08:27;"V hat irgendwie die Gestalt mit einem T1,"
08:27;08:30;"und zwar Vektor 2,"
08:30;08:33;"also der Vektor mit den Einträgen 2,3,"
08:33;08:35;"mit irgendeiner Zahl T1."
08:36;08:38;"Das sehen wir ja noch mal kurz hier an der Definition."
08:38;08:40;"Das sind ja alle Elemente hier raus."
08:40;08:42;"Und wenn V und W aus T sind,"
08:42;08:44;"dann muss also so ein T1 existieren,"
08:44;08:46;"dass also V diese Gestalt hat."
08:46;08:50;"Völlig analog, auch für das W."
08:50;08:56;"Und jetzt hier nehme ich einfach mal T2."
08:56;09:04;"Also mit T1 und T2."
09:04;09:07;"hier also aus R."
09:07;09:10;"Hier steht das auch noch mal."
09:10;09:12;"So, und jetzt schauen wir uns an,"
09:12;09:14;"was passiert jetzt mit der Summe."
09:20;09:22;"Das heißt also, wenn ich diese beiden Vektoren addiere,"
09:22;09:27;"dann schreibe ich diese Darstellung hier einfach mal hin."
09:27;09:31;"Und steht also da T1,"
09:31;09:33;"2,3"
09:33;09:35;"plus T2,"
09:35;09:37;"2,3."
09:37;09:41;"So, und das können wir natürlich auch schreiben"
09:41;09:45;"als T1 plus T2."
09:45;09:54;"Und jetzt sieht man natürlich,"
09:54;09:57;"dass hier T1 plus T2,"
09:57;09:59;"also T1 und T2 sind reelle Zahlen."
09:59;10:01;"Die Addition von zwei reellen Zahlen"
10:01;10:03;"ist natürlich wieder eine reelle Zahl."
10:03;10:05;"Das heißt, das liegt in R."
10:05;10:07;"Und demzufolge ist es wieder"
10:07;10:11;"ein skalierter Vektor von 2,3."
10:11;10:12;"Das heißt also,"
10:12;10:13;"hier ist wieder eine reelle Zahl"
10:13;10:16;"multipliziert mit dem Vektor 2,3."
10:16;10:17;"Und das ist genau das,"
10:17;10:18;"was hier steht."
10:18;10:19;"Das heißt also,"
10:19;10:20;"das Element hier,"
10:20;10:21;"das liegt in T."
10:21;10:24;"Und das wollten wir ja zeigen."
10:24;10:25;"Das ist ja genau das,"
10:25;10:26;"was wir hier zeigen wollten."
10:26;10:29;"Ja, damit ist das auch schon erfüllt."
10:29;10:31;"Sie sehen also,"
10:31;10:32;"es ist nicht so kompliziert,"
10:32;10:33;"das nachzuweisen."
10:33;10:35;"Wichtig ist immer nur,"
10:35;10:36;"dass man die Eigenschaften hier"
10:36;10:38;"von dem T auch verwendet."
10:38;10:41;"Das haben wir ja hier quasi genutzt."
10:41;10:43;"So sehen die Elemente aus T aus."
10:43;10:45;"So, und jetzt müssen wir noch"
10:45;10:48;"die dritte Eigenschaft nachweisen."
10:48;10:49;"Dazu nehme ich mir hier mal"
10:49;10:51;"auch einen Vektor V aus T."
10:52;10:55;"und in Klammern schreibe ich nochmal dazu,"
10:55;10:56;"was das bedeutet."
10:56;10:57;"Das heißt also,"
10:57;11:01;"V hat irgendwie die Gestalt."
11:01;11:03;"Ja, ich sag mal,"
11:03;11:04;"jetzt hier T3"
11:04;11:12;"mit T3."
11:12;11:18;"Ich habe ja eigentlich genug Platz hier."
11:20;11:24;"mit T3 aus R."
11:24;11:26;"Und dann nehmen wir uns noch"
11:26;11:27;"ein beliebiges Skalar."
11:27;11:29;"K, der Körper,"
11:29;11:30;"ist jetzt hier in diesem Fall R,"
11:30;11:32;"weil wir hier oben"
11:32;11:36;"den R2 genommen haben."
11:36;11:38;"Ja, das ist ein R-Vektorraum."
11:38;11:42;"So, und jetzt nehme ich hier also noch ein"
11:42;11:45;"Alpha oder Lambda,"
11:46;11:47;"das ist eigentlich egal,"
11:47;11:48;"aus R."
11:48;11:51;"Ja, und was gilt dann,"
11:51;11:53;"wenn wir uns die Skalarmultiplikation anschauen?"
11:53;11:57;"Naja, dann gilt,"
11:57;12:00;"dass Lambda mal V ist denn was?"
12:02;12:04;"Das ist Lambda mal T3."
12:04;12:10;"Ja, ich habe einfach hier eingesetzt."
12:10;12:12;"Und auch hier das gleiche Argument."
12:12;12:13;"Wir sehen natürlich,"
12:13;12:15;"das ist auch wieder eine reelle Zahl,"
12:15;12:18;"also gehört das Ganze auch wieder zu T."
12:18;12:20;"Und damit haben wir nachgewiesen,"
12:20;12:23;"dass T ein Teilraum von V ist."
12:23;12:25;"Und wie kann man sich das jetzt geometrisch vorstellen,"
12:26;12:26;"diese Menge?"
12:26;12:28;"Also, wenn wir das mal zeichnen,"
12:28;12:30;"das kann man ja sehr schön tun,"
12:30;12:32;"weil wir im R2 sind"
12:32;12:33;"und das ist eine Teilmenge."
12:33;12:36;"Machen wir das mal."
12:36;12:37;"Das heißt also,"
12:37;12:39;"wenn wir diesen Vektor einzeichnen,"
12:39;12:45;"ja, wo wäre der Vektor jetzt hier?"
12:45;12:49;"Also 2 und hier brauchen wir 3."
12:51;12:53;"So, das heißt also der Vektor,"
12:53;12:56;"das wäre jetzt der Vektor 2, 3."
12:56;12:59;"Ja, das ist der Vektor 2, 3."
12:59;13:04;"Naja, und wie sieht der Teilraum aus?"
13:04;13:08;"Ja, der Teilraum ist im Endeffekt"
13:08;13:10;"die unendliche Gerade,"
13:10;13:12;"die durch diesen Vektor geht."
13:12;13:14;"Jetzt muss ich mal schauen,"
13:14;13:15;"dass ich das ordentlich hinbekomme."
13:15;13:17;"So, ja."
13:17;13:18;"Es gibt keine Grenzen."
13:18;13:20;"Das geht jetzt hier irgendwie weiter"
13:20;13:20;"und hier unten auch."
13:20;13:22;"alle Vielfachen davon,"
13:22;13:23;"in allen Richtungen."
13:23;13:24;"Und das heißt,"
13:24;13:27;"das Ganze ist einfach die Menge T,"
13:27;13:29;"diese Gerade,"
13:29;13:32;"die durch diesen Vektor hier erzeugt wird."
13:32;13:33;"Und hier schreibe ich mal noch"
13:33;13:34;"den Pfeil darüber."
13:34;13:37;"Ja, und allgemein kann man sich"
13:37;13:38;"Folgendes merken."
13:38;13:46;"Also speziell jetzt hier im R2."
13:46;13:47;"Jede Gerade,"
13:47;13:49;"die durch diesen Nullpunkt geht,"
13:50;13:52;"ist ein Teilraum vom R2."
13:52;13:55;"Schreiben wir das mal auf."
13:55;14:00;"Jede Gerade"
14:00;14:03;"durch den Nullpunkt,"
14:03;14:05;"also damit meine ich jetzt hier"
14:05;14:08;"den Vektor mit den zwei Komponenten 0, 0,"
14:08;14:09;"ist also ein Teilraum."
14:09;14:10;"oder?"
14:10;14:10;"Oder?"
14:10;14:24;"Schreibe ich mal von R2."
14:24;14:29;"Ja, so kann man sich das also relativ einfach merken."
14:29;14:32;"gut, wir schauen uns noch ein paar Beispiele an."
14:32;14:36;"Vielleicht mal ein Beispiel,"
14:36;14:38;"wo nicht alles so funktioniert."
14:38;14:40;"Wir hatten jetzt hier irgendwie nur schöne Beispiele gesehen."
14:41;14:42;"Wir bleiben mal beim R2."
14:42;14:43;"Wir bleiben mal beim R2."
14:43;14:46;"Das heißt also,"
14:46;14:47;"auch jetzt sagen wir,"
14:47;14:48;"V ist der R2."
14:48;14:49;"R2."
14:49;14:51;"Und wir nehmen mal,"
14:51;14:54;"bezeichnen mal mit K1"
14:54;14:55;"den Einheitskreis."
14:55;15:10;"Das heißt also,"
15:10;15:10;"formal,"
15:10;15:12;"wie sieht der Einheitskreis aus?"
15:12;15:13;"Das hatten wir ja schon,"
15:13;15:16;"auch als wir Sinus und Cosinus eingeführt haben."
15:16;15:16;"Sie erinnern sich,"
15:16;15:17;"also K1"
15:17;15:19;"ist jetzt die Menge"
15:19;15:20;"aller Vektoren"
15:20;15:21;"XY."
15:21;15:27;"Und zwar mit der Eigenschaft,"
15:27;15:29;"wie sah noch mal die Kreisgleichung aus"
15:29;15:30;"bei einem Einheitskreis?"
15:30;15:31;"Das war ja einfach"
15:31;15:32;"X²"
15:32;15:33;"plus Y²"
15:33;15:36;"und dann steht hier die 1."
15:36;15:37;"Einheitskreis"
15:37;15:38;"war ja quasi,"
15:38;15:41;"dass der Radius 1 ist."
15:41;15:42;"Das heißt also hier"
15:42;15:47;"Wie kann man sich das vorstellen?"
15:47;15:54;"So, dann habe ich hier also,"
15:54;15:55;"das ist 1"
15:55;15:57;"und das ist auch 1."
15:57;16:00;"Und was ist jetzt K1?"
16:00;16:01;"Also K1 sind jetzt"
16:01;16:03;"also all diese Elemente hier,"
16:03;16:06;"die auf diesem Kreis liegen."
16:06;16:07;"Nicht die dazwischen"
16:07;16:08;"und auch nicht die außerhalb,"
16:08;16:10;"sondern nur die da drauf liegen."
16:10;16:11;"Diese."
16:11;16:12;"So,"
16:12;16:14;"das ist jetzt K1."
16:14;16:16;"Und jetzt ist die Frage,"
16:16;16:16;"die ich an Sie habe,"
16:16;16:17;"ist jetzt K1"
16:17;16:18;"ein Teilraum"
16:18;16:19;"vom R²?"
16:19;16:21;"Wenn Sie keine Ahnung haben,"
16:21;16:23;"dann erinnern Sie sich"
16:23;16:23;"an das,"
16:23;16:24;"was ich eben gesagt habe."
16:24;16:25;"Wir wollen auch mal"
16:25;16:25;"ein Beispiel sehen,"
16:25;16:26;"wo es nicht klappt."
16:26;16:28;"Das heißt,"
16:28;16:29;"wir vermuten mal,"
16:29;16:30;"dass es kein Teilraum ist"
16:30;16:31;"und in der Tat"
16:31;16:32;"ist es auch so."
16:32;16:34;"Das heißt also,"
16:34;16:36;"K1 ist kein Teilraum."
16:36;16:46;"Und um das zu beweisen,"
16:46;16:48;"müssen wir eigentlich nur schauen,"
16:48;16:50;"dass eine dieser Bedingungen"
16:50;16:51;"verletzt ist"
16:51;16:51;"und da können wir auch"
16:51;16:53;"ein konkretes Gegenbeispiel wählen."
16:53;16:53;"Ja,"
16:53;16:55;"also wirklich mit konkreten Zahlen."
16:55;16:56;"Und was man hier natürlich"
16:56;16:57;"sofort sieht,"
16:57;16:58;"wenn Sie noch mal"
16:58;16:59;"an das erste Kriterium schauen,"
16:59;17:01;"0 ist aus T."
17:01;17:02;"Das T ist jetzt hier"
17:02;17:04;"unser K1,"
17:04;17:05;"einfach eine andere Bezeichnung."
17:05;17:06;"Und dann sieht man natürlich,"
17:06;17:08;"0 ist offensichtlich"
17:08;17:09;"nicht auf diesem Kreis hier."
17:09;17:11;"Das heißt also,"
17:11;17:13;"hier geht es ganz einfach."
17:13;17:15;"Hier können wir als Begründung sagen,"
17:15;17:17;"da also 0,"
17:17;17:19;"der 0-Vektor"
17:19;17:23;"eben nicht zu K1 gehört."
17:23;17:25;"Jetzt könnte man natürlich überlegen,"
17:25;17:26;"ja,"
17:26;17:27;"verschieben wir doch einfach mal"
17:27;17:28;"diesen Kreis hier"
17:28;17:30;"so ein bisschen nach dort irgendwie"
17:30;17:30;"und noch,"
17:31;17:32;"dass wir irgendwie"
17:32;17:33;"mit diesem Punkt"
17:33;17:33;"vielleicht hier sind,"
17:33;17:34;"ja."
17:34;17:35;"Machen wir das mal."
17:35;17:45;"Und zwar auch hier,"
17:45;17:49;"ich mache erst mal den Kreis,"
17:49;17:50;"so."
17:50;17:53;"Können wir ja irgendwie so machen"
17:53;17:57;"und sagen jetzt mal hier so."
17:59;18:01;"jetzt wäre doch die 0 dabei,"
18:01;18:02;"ja."
18:02;18:04;"Also hier sieht man also jetzt,"
18:04;18:05;"ich sage mal,"
18:05;18:06;"das Ganze nenne ich jetzt hier mal"
18:06;18:08;"K2,"
18:08;18:09;"einfach nur verschoben."
18:09;18:11;"Ich will das gar nicht mathematisch"
18:11;18:12;"jetzt aufschreiben,"
18:12;18:13;"wie die Menge aussieht."
18:13;18:14;"Nur mal vom Gefühl her."
18:14;18:16;"Hier sehen wir also,"
18:16;18:18;"0,0"
18:18;18:21;"gehört zu K2."
18:22;18:22;"ja, ja,"
18:22;18:23;"K2 ist also jetzt"
18:23;18:24;"all das,"
18:24;18:25;"was hier auf diesem Kreis liegt."
18:25;18:25;"So,"
18:25;18:27;"einfach nur diese Menge oben"
18:27;18:28;"etwas verschoben."
18:28;18:29;"Ja,"
18:29;18:29;"und jetzt ist die Frage,"
18:29;18:30;"ist das denn ein Teilraum?"
18:30;18:32;"Und auch das können Sie eigentlich"
18:32;18:33;"selber beantworten."
18:33;18:35;"Wenn wir mal zwei Elemente nehmen,"
18:35;18:36;"ja,"
18:36;18:38;"zum Beispiel dieses"
18:38;18:40;"und dieses,"
18:40;18:41;"als Vektoren mal eingezeichnet,"
18:41;18:43;"dann sehen wir also,"
18:43;18:46;"dass die Addition,"
18:47;18:49;"das wäre ja die Addition hier"
18:49;18:50;"und das ist offensichtlich"
18:50;18:51;"nicht mehr"
18:51;18:53;"in K2."
18:53;18:54;"Also man sieht,"
18:54;18:55;"die Addition ist hier"
18:55;18:56;"klar verletzt"
18:56;18:57;"und deswegen,"
18:57;18:59;"also die Frage,"
18:59;19:00;"die ich eben gestellt habe,"
19:00;19:01;"habe ich dann auch gleich"
19:01;19:02;"schon beantwortet,"
19:02;19:04;"ist K2 ein"
19:04;19:08;"Teilraum"
19:08;19:11;"von R hoch 2"
19:11;19:12;"und die Antwort sehen wir"
19:12;19:13;"also hier"
19:13;19:14;"nein."
19:14;19:17;"Ja,"
19:17;19:18;"so,"
19:18;19:19;"das heißt also,"
19:19;19:21;"hier sieht man relativ schnell,"
19:21;19:22;"dass die Addition verletzt ist."
19:22;19:25;"Gut,"
19:25;19:26;"ich denke,"
19:26;19:27;"Sie sind auch motiviert"
19:27;19:29;"für weitere Beispiele."
19:29;19:31;"Das ist der Vorteil,"
19:31;19:33;"wenn ich Sie gerade nicht sehen kann."
19:33;19:35;"Was gibt es noch"
19:35;19:37;"für Beispiele?"
19:37;19:38;"Also ich möchte auf jeden Fall"
19:38;19:38;"nochmal auf den"
19:38;19:40;"Polynomraum eingehen,"
19:40;19:41;"aber vielleicht noch"
19:41;19:41;"einen Hinweis"
19:41;19:43;"aus dem R hoch 3,"
19:43;19:44;"damit Sie auch"
19:44;19:45;"so ein Gefühl entwickeln,"
19:45;19:46;"dass man einfach auch"
19:46;19:47;"so eine Menge sieht"
19:47;19:48;"und versteht,"
19:48;19:49;"kann das überhaupt"
19:49;19:50;"ein Teilraum sein"
19:50;19:51;"oder ist da die"
19:51;19:52;"Vektorraumstruktur verletzt?"
19:52;19:54;"Als Hinweis im R hoch 3,"
19:54;19:56;"wir hatten ja vorhin gesagt"
19:56;19:57;"oder eben beim Beispiel 2,"
19:57;19:58;"jede Gerade"
19:58;19:59;"durch den Nullpunkt"
19:59;20:00;"ist ein Teilraum"
20:00;20:01;"vom R hoch 2"
20:01;20:02;"und beim R hoch 3"
20:02;20:03;"können Sie sich das so vorstellen,"
20:03;20:05;"dass Geraden und Ebenen"
20:05;20:06;"durch den Nullpunkt"
20:06;20:08;"Teilräume des R hoch 3 sind."
20:09;20:10;"Das schreiben wir mal kurz auf"
20:10;20:21;"durch den Nullpunkt,"
20:21;20:22;"also durch den Nullvektor,"
20:22;20:24;"das wäre ja jetzt,"
20:24;20:25;"ich bin im R hoch 3,"
20:25;20:26;"das wäre jetzt also der Vektor"
20:26;20:27;"mit den drei Komponenten"
20:27;20:29;"0, 0, 0."
20:31;20:31;"das sind"
20:31;20:42;"Teilräume des R hoch 3."
20:42;20:45;"So, ein letztes Beispiel,"
20:45;20:46;"ich bin etwas langsam,"
20:46;20:47;"aber"
20:47;20:51;"das sind schon wichtige Beispiele"
20:51;20:52;"und wir werden das auch später benötigen"
20:52;20:54;"und jetzt möchte ich gerne noch mal"
20:54;20:55;"auf den Polynomraum eingehen,"
20:55;20:57;"den wir im letzten Video"
20:57;20:58;"schon kennengelernt haben"
20:58;21:00;"und da erinnern Sie sich,"
21:00;21:01;"der Vektorraum V,"
21:01;21:04;"das war ja aufgeschrieben"
21:04;21:05;"C von Z"
21:05;21:09;"und das war der Vektorraum"
21:09;21:09;"der Polynome"
21:09;21:11;"und jetzt nehme ich mal"
21:11;21:12;"eine Teilmenge davon"
21:12;21:13;"und zwar"
21:13;21:15;"T"
21:15;21:17;"sei jetzt mal"
21:17;21:18;"C"
21:18;21:19;"von Z"
21:19;21:21;"und jetzt mache ich hier noch mal"
21:21;21:22;"kleiner gleich 2"
21:22;21:23;"dran"
21:23;21:25;"und was bedeutet das?"
21:25;21:27;"Also wir erinnern uns noch mal,"
21:28;21:28;"was waren das hier?"
21:28;21:30;"Das waren alle Polynome"
21:30;21:31;"beliebigen Grades"
21:31;21:34;"mit Koeffizienten aus C."
21:34;21:35;"Ja,"
21:35;21:37;"und jetzt schränke ich das etwas ein,"
21:37;21:38;"indem ich sage,"
21:38;21:40;"ja, das sind alle Polynome"
21:40;21:41;"aus diesem Raum,"
21:41;21:43;"aber"
21:43;21:45;"und das verdeutlicht"
21:45;21:46;"dieses kleiner gleich 2,"
21:46;21:47;"das heißt,"
21:47;21:49;"ich betrachte hier nur die Polynome,"
21:49;21:50;"deren Grad"
21:50;21:54;"kleiner gleich 2 ist."
21:55;21:56;"ja,"
21:56;21:56;"ja,"
21:56;21:58;"und tatsächlich ist es jetzt so,"
21:58;22:00;"dass das ein Vektorraum ist,"
22:00;22:00;"wissen wir schon,"
22:00;22:02;"haben das jetzt nicht explizit bewiesen,"
22:02;22:03;"kennen aber die Addition"
22:03;22:05;"und die Skalarmultiplikation"
22:05;22:07;"und jetzt betrachten wir also"
22:07;22:08;"diese Teilmenge,"
22:08;22:11;"T liegt ja offensichtlich in V,"
22:11;22:13;"das sieht man ja schon an der Definition,"
22:13;22:17;"dieses T ist tatsächlich ein Teilraum von V."
22:17;22:28;"Und warum ist es so?"
22:28;22:31;"Das müssen wir einfach mal nachprüfen."
22:31;22:33;"Also auch hier"
22:33;22:35;"gehen wir einfach mal diese Bedingung hier durch."
22:37;22:37;"Ja,"
22:37;22:38;"die Frage ist,"
22:38;22:39;"ist jetzt 0"
22:39;22:41;"enthalten in T?"
22:41;22:43;"Müssen wir noch mal kurz schauen,"
22:43;22:44;"was sind denn die Eigenschaften?"
22:44;22:44;"Ja,"
22:44;22:46;"das ist also ein Polynom"
22:46;22:47;"und mit der Bedingung,"
22:47;22:48;"dass der Grad"
22:48;22:50;"vom Polynom kleiner gleich 2 ist."
22:50;22:51;"Ja,"
22:51;22:51;"wie war das nochmal?"
22:51;22:52;"Was war der Grad"
22:52;22:53;"vom Nullpolynom?"
22:53;22:54;"Also,"
22:54;22:56;"Null gehört zu T,"
22:56;22:56;"denn"
22:56;23:00;"der Grad"
23:00;23:01;"vom Nullpolynom,"
23:01;23:02;"wir erinnern uns nochmal"
23:02;23:03;"an die achte Vorlesung,"
23:04;23:06;"das war Minusunendlich,"
23:06;23:06;"ja,"
23:06;23:07;"so wurde das gesetzt"
23:07;23:07;"und das hatten wir,"
23:07;23:09;"das wurde auch erklärt,"
23:09;23:10;"damit,"
23:10;23:11;"dass wir die Gradformel"
23:11;23:12;"immer verwenden können"
23:12;23:13;"und das ist offensichtlich"
23:13;23:15;"kleiner gleich 2"
23:15;23:17;"und,"
23:17;23:18;"ja,"
23:18;23:19;"also hier,"
23:19;23:20;"das ist jetzt also"
23:20;23:22;"das Nullpolynom,"
23:22;23:22;"ja,"
23:22;23:24;"deswegen schreibe ich das mal"
23:24;23:25;"ganz kurz dazu."
23:25;23:29;"Null ist jetzt hier also"
23:29;23:31;"das Nullpolynom."
23:31;23:36;"Gut,"
23:36;23:38;"damit ist die erste"
23:38;23:38;"Bedingung erfüllt."
23:38;23:40;"Jetzt müssen wir zeigen,"
23:40;23:41;"wenn wir zwei,"
23:41;23:42;"ähm,"
23:42;23:44;"wenn wir zwei Polynome"
23:44;23:45;"aus dieser Menge nehmen"
23:45;23:46;"und zusammen addieren,"
23:46;23:46;"dass,"
23:46;23:48;"das Polynom,"
23:48;23:49;"was herauskommt,"
23:49;23:50;"auch wieder"
23:50;23:51;"Grad kleiner gleich 2 hat,"
23:51;23:51;"ja,"
23:51;23:52;"diese Eigenschaft"
23:52;23:53;"muss erfüllt sein."
23:53;23:55;"Naja,"
23:55;23:57;"nehmen wir mal zwei Polynome,"
23:57;23:58;"bezeichnen die jetzt mal"
23:58;24:00;"mit P und Q aus T"
24:00;24:05;"und wir schreiben noch mal"
24:05;24:05;"kurz auf,"
24:05;24:06;"was das bedeutet."
24:06;24:07;"Das hieß also,"
24:07;24:09;"der Grad von P"
24:09;24:11;"ist kleiner gleich 2"
24:11;24:14;"und der Grad von Q"
24:14;24:15;"ist auch kleiner gleich 2."
24:15;24:17;"Das bedeutet dann,"
24:17;24:20;"was haben wir?"
24:20;24:21;"also P hat irgendwie"
24:21;24:22;"die Gestalt"
24:22;24:24;"A0"
24:24;24:26;"plus A1Z"
24:26;24:29;"plus A2Z²"
24:29;24:30;"und"
24:30;24:33;"analog hat also Q"
24:33;24:34;"eine Gestalt"
24:34;24:36;"B0"
24:36;24:38;"plus B1Z"
24:38;24:41;"plus B2Z²."
24:42;24:43;"so,"
24:43;24:44;"wir wissen jetzt nicht genau,"
24:44;24:45;"ob die hier alle"
24:45;24:46;"ungleich 0 sind,"
24:46;24:46;"wir wissen ja nur,"
24:46;24:47;"dass der Grad kleiner"
24:47;24:48;"gleich 2 ist,"
24:48;24:49;"ja,"
24:49;24:50;"so,"
24:50;24:51;"aber mehr kann jetzt hier"
24:51;24:52;"nicht auftreten,"
24:52;24:54;"alle Exponenten,"
24:54;24:55;"alle Koeffizienten"
24:55;24:57;"vor höheren Potenzen,"
24:57;24:58;"also vor Z hoch 3,"
24:58;24:59;"Z hoch 4 und so weiter,"
24:59;25:00;"die sind alle 0,"
25:00;25:00;"ja,"
25:00;25:01;"das folgt ja aus diesen."
25:01;25:02;"So,"
25:02;25:03;"und jetzt schauen wir uns mal"
25:03;25:04;"die Addition an,"
25:04;25:05;"wenn ich die beiden"
25:05;25:06;"zusammen addiere."
25:09;25:10;"ja,"
25:10;25:11;"was kommt heraus?"
25:11;25:12;"ja,"
25:12;25:13;"das müssen wir noch ein bisschen"
25:13;25:14;"besser aufschreiben,"
25:14;25:15;"das gefällt mir noch nicht,"
25:15;25:16;"hier brauche ich noch das Argument,"
25:16;25:18;"ja,"
25:18;25:21;"und wenn ich das jetzt aufschreibe,"
25:21;25:23;"steht da P von Z"
25:23;25:24;"plus Q"
25:24;25:25;"von Z,"
25:25;25:26;"naja,"
25:26;25:27;"und wenn ich das jetzt mal"
25:27;25:28;"zusammenschreibe,"
25:28;25:30;"dann schreibe ich also"
25:30;25:31;"diesen Ausdruck hin,"
25:31;25:32;"plus diesen,"
25:32;25:34;"und dann fasse ich einfach schon mal"
25:34;25:35;"die jeweiligen Koeffizienten"
25:35;25:36;"hier zusammen,"
25:36;25:36;"ja,"
25:36;25:39;"und dann steht was da?"
25:39;25:40;"dann steht einfach da"
25:40;25:40;"A0"
25:40;25:42;"plus B0,"
25:42;25:43;"ich mache mal gedanklich"
25:43;25:44;"die Klammer,"
25:44;25:45;"wenn sie mathematisch"
25:45;25:47;"jetzt hier nicht notwendig ist,"
25:47;25:48;"A1"
25:48;25:49;"plus B1"
25:49;25:50;"Z"
25:50;25:51;"plus"
25:51;25:53;"A2"
25:53;25:54;"plus"
25:54;25:55;"B2"
25:55;25:56;"Z"
25:56;25:57;"Quadrat"
25:57;25:58;"und das Ganze,"
25:58;26:02;"ich möchte es gerne noch"
26:02;26:03;"daneben haben,"
26:03;26:06;"das Ganze ist jetzt hier also"
26:06;26:08;"offensichtlich"
26:08;26:09;"aus T,"
26:09;26:10;"ja,"
26:10;26:12;"das sehen wir also,"
26:12;26:13;"dieses Polynom hat auch nur"
26:13;26:15;"Grad höchstens 2,"
26:15;26:16;"ja,"
26:16;26:17;"es hat höchstens 2,"
26:17;26:18;"wenn wir wissen,"
26:18;26:19;"dass das ungleich 0 ist,"
26:19;26:20;"vielleicht ist es auch kleiner,"
26:20;26:21;"aber auf keinen Fall größer,"
26:22;26:23;"und damit wissen wir,"
26:23;26:24;"dass diese Summe,"
26:24;26:26;"diese Summe von diesen zwei Polynomen"
26:26;26:28;"wieder zu der Menge T gehört."
26:28;26:30;"So,"
26:30;26:31;"und jetzt machen wir noch die dritte"
26:31;26:32;"Eigenschaft,"
26:32;26:35;"das heißt also,"
26:35;26:36;"auch hier nehmen wir also"
26:36;26:37;"ein Polynom und"
26:37;26:40;"jetzt hier ein Skalar"
26:40;26:42;"Lambda,"
26:42;26:43;"jetzt müssen wir nochmal schauen,"
26:43;26:45;"wir sind jetzt hier"
26:45;26:47;"im Raum der Polynome"
26:47;26:49;"mit komplexen"
26:49;26:49;"Koeffizienten,"
26:49;26:50;"also ist der Körper"
26:50;26:51;"C,"
26:51;26:55;"naja,"
26:55;26:55;"und was gilt dann?"
26:55;27:00;"Naja,"
27:00;27:02;"dann sehen wir ja sofort,"
27:02;27:04;"was möchte ich betrachten?"
27:04;27:05;"Also,"
27:05;27:05;"ich muss ja zeigen,"
27:05;27:06;"dass das wieder"
27:06;27:07;"zu der Menge gehört,"
27:07;27:08;"das heißt,"
27:08;27:10;"Lambda mal P"
27:10;27:11;"muss Grad"
27:11;27:13;"kleiner gleich 2 haben,"
27:13;27:13;"aber das ist doch"
27:13;27:14;"offensichtlich,"
27:14;27:14;"ja,"
27:14;27:16;"hier müssen wir doch"
27:16;27:16;"nichts zeigen,"
27:16;27:19;"das sehen wir ja hier,"
27:19;27:20;"wenn wir dieses Polynom"
27:20;27:21;"jetzt zum Beispiel mal"
27:21;27:23;"mit einem Skalar"
27:23;27:24;"multiplizieren,"
27:24;27:25;"dann verändert sich"
27:25;27:26;"der Grad nicht,"
27:26;27:26;"ja,"
27:26;27:27;"das heißt,"
27:27;27:28;"dann steht hier"
27:28;27:29;"Lambda A0,"
27:29;27:30;"Lambda A1,"
27:30;27:32;"Lambda A2"
27:32;27:32;"und das heißt,"
27:32;27:33;"der Grad bleibt"
27:33;27:35;"kleiner gleich 2"
27:35;27:36;"und das ist genau hier"
27:36;27:37;"auch das Argument"
27:37;27:40;"und hier genügt einfach"
27:40;27:41;"als Begründung,"
27:41;27:42;"dass der Grad von P"
27:42;27:45;"kleiner gleich 2 ist"
27:45;27:49;"und somit haben wir gezeigt,"
27:49;27:50;"dass Lambda P"
27:50;27:53;"zur Menge T gehört,"
27:53;27:53;"ja,"
27:53;27:54;"so,"
27:54;27:55;"damit ist das auch schon"
27:55;27:56;"bewiesen,"
27:56;27:57;"auch jetzt nochmal"
27:57;27:58;"allgemeiner Form"
27:58;28:01;"zum Abschluss des Videos,"
28:01;28:14;"also allgemeiner gilt folgendes"
28:14;28:16;"und zwar,"
28:16;28:19;"wenn wir jetzt mal die Menge"
28:19;28:20;"aller Polynome vom Grad"
28:20;28:21;"kleiner gleich n"
28:21;28:22;"anschauen,"
28:23;28:25;"das heißt also K"
28:25;28:26;"von Z,"
28:26;28:27;"auch jetzt hier"
28:27;28:28;"K, R oder C"
28:28;28:29;"kleiner gleich n,"
28:29;28:31;"schreiben wir nochmal auf,"
28:31;28:32;"was das bedeutet,"
28:32;28:33;"das sind also"
28:33;28:34;"alle Polynome"
28:34;28:37;"aus K von Z"
28:37;28:40;"mit der Eigenschaft,"
28:40;28:42;"dass der Grad von P"
28:42;28:44;"kleiner gleich n ist"
28:44;28:47;"und das ist immer ein Teilraum"
28:47;28:56;"vom Raum der Polynome,"
28:56;29:03;"und zwar hier auch für jedes,"
29:03;29:06;"für jedes n"
29:06;29:08;"weder natürliche Zahl,"
29:08;29:09;"genau,"
29:09;29:11;"also hier nochmal zur Erinnerung,"
29:11;29:13;"in diesem Raum waren alle Polynome"
29:13;29:14;"beliebigen Grades"
29:14;29:16;"mit Koeffizienten aus K"
29:16;29:18;"und hier betrachten wir eben"
29:18;29:21;"als Teilmenge nur die Polynome"
29:21;29:21;"aus diesem Raum,"
29:22;29:24;"die Grad kleiner gleich n"
29:24;29:24;"haben"
29:24;29:25;"und das ist dann immer"
29:25;29:27;"ein Teilraum."
29:27;29:28;"Gut,"
29:28;29:29;"ich denke,"
29:29;29:30;"das Konzept ist soweit klar,"
29:30;29:31;"wie gesagt,"
29:31;29:32;"wir werden das häufiger verwenden,"
29:32;29:34;"schauen sich die Beispiele nochmal an"
29:34;29:36;"und ja,"
29:36;29:37;"im dritten Video"
29:37;29:38;"werden wir uns dann"
29:38;29:41;"mit Linearkombinationen"
29:41;29:41;"beschäftigen"
29:41;29:42;"von Vektoren"
29:42;29:43;"und auch dem Begriff"
29:43;29:45;"der sogenannten"
29:45;29:46;"linearen Hülle."